version https://git-lfs.github.com/spec/v1
oid sha256:cf3c9bbde21b463654e33e6bef09c70b50170defb49dd9f52d0aa58f047710d3
size 47405
