version https://git-lfs.github.com/spec/v1
oid sha256:909f7c33eb0ef032fe828f8c3eeea067a86d35b7fac3e510c9a6870041977c69
size 496904
