version https://git-lfs.github.com/spec/v1
oid sha256:f41700ce37e6d35fbc0c996a9331cc81be385d302e16372473a670cc0ed63586
size 41564
