version https://git-lfs.github.com/spec/v1
oid sha256:757761d25e247d7cfd1fee9080f48d7bc05e8ff05ea89791b402fb78dbd665e5
size 76171
