version https://git-lfs.github.com/spec/v1
oid sha256:faa7234e95c3a789d297c5d8f344c7d576d494b6d539033edb6694b27f4d726d
size 162543
